fx :1985.37
fy :1984.31
cx :643.04
cy :356.878
k1 :-0.390287
k2 :1.20875
p1 :-0.000226776
p2 :-0.000869838
p3 :-27.2759

